1	0	0	255	0	0	255
2	0	0	255	0	0	255
3	0	0	255	0	0	255
4	0	0	255	0	0	255
5	0	0	255	0	0	255
6	0	0	255	0	0	255
7	0	0	255	0	0	255
8	0	0	255	0	0	255
9	0	0	255	0	0	255
10	0	0	255	0	0	255
11	0	0	255	0	0	255
12	0	0	255	0	0	255
13	0	0	255	0	0	255
14	0	0	255	0	0	255
15	0	0	255	0	0	255
16	0	0	255	0	0	255
17	0	0	255	0	0	255
18	0	0	255	0	0	255
19	0	0	255	0	0	255
20	0	0	255	0	0	255
21	0	0	255	0	0	255
22	0	0	255	0	0	255
23	0	0	255	0	0	255
24	0	0	255	0	0	255
25	0	0	255	0	0	255
26	0	0	255	0	0	255
27	0	0	255	0	0	255
28	0	0	255	0	0	255
29	0	0	255	0	0	255
30	0	0	255	0	0	255
31	0	0	255	0	0	255
32	0	0	255	0	0	255
33	0	0	255	0	0	255
34	0	0	255	0	0	255
35	0	0	255	0	0	255
36	0	0	255	0	0	255
37	0	0	255	0	0	255
38	0	0	255	0	0	255
39	0	0	255	0	0	255
40	0	0	255	0	0	255
41	0	0	255	0	0	255
42	0	0	255	0	0	255
43	0	0	255	0	0	255
44	0	0	255	0	0	255
45	0	0	255	0	0	255
46	0	0	255	0	0	255
47	0	0	255	0	0	255
48	0	0	255	0	0	255
49	0	0	255	0	0	255
50	0	0	255	0	0	255
51	0	0	255	0	0	255
52	0	0	255	0	0	255
53	0	0	255	0	0	255
54	0	0	255	0	0	255
55	0	0	255	0	0	255
56	0	0	255	0	0	255
57	0	0	255	0	0	255
58	0	0	255	0	0	255
59	0	0	255	0	0	255
60	0	0	255	0	0	255
61	0	0	255	0	0	255
62	0	0	255	0	0	255
63	0	0	255	0	0	255
64	0	0	255	0	0	255
65	0	0	255	0	0	255
66	0	0	255	0	0	255
67	0	0	255	0	0	255
68	0	0	255	0	0	255
69	0	0	255	0	0	255
70	0	0	255	0	0	255
71	0	0	255	0	0	255
72	0	0	255	0	0	255
73	0	0	255	0	0	255
74	0	0	255	0	0	255
75	0	0	255	0	0	255
76	0	0	255	0	0	255
77	0	0	255	0	0	255
78	0	0	255	0	0	255
79	0	0	255	0	0	255
80	0	0	255	0	0	255
81	0	0	255	0	0	255
82	0	0	255	0	0	255
83	0	0	255	0	0	255
84	0	0	255	0	0	255
85	0	0	255	0	0	255
86	0	0	255	0	0	255
87	0	0	255	0	0	255
88	0	0	255	0	0	255
89	0	0	255	0	0	255
90	0	0	255	0	0	255
91	0	0	255	0	0	255
92	0	0	255	0	0	255
93	0	0	255	0	0	255
94	0	0	255	0	0	255
95	0	0	255	0	0	255
96	0	0	255	0	0	255
97	0	0	255	0	0	255
98	0	0	255	0	0	255
99	0	0	255	0	0	255
100	0	0	255	0	0	255
101	0	0	255	0	0	255
102	0	0	255	0	0	255
103	0	0	255	0	0	255
104	0	0	255	0	0	255
105	0	0	255	0	0	255
106	0	0	255	0	0	255
107	0	0	255	0	0	255
108	0	0	255	0	0	255
109	0	0	255	0	0	255
110	0	0	255	0	0	255
111	0	0	255	0	0	255
112	0	0	255	0	0	255
113	0	0	255	0	0	255
114	0	0	255	0	0	255
115	0	0	255	0	0	255
116	0	0	255	0	0	255
117	0	0	255	0	0	255
118	0	0	255	0	0	255
119	0	0	255	0	0	255
120	0	0	255	0	0	255
121	0	0	255	0	0	255
122	0	0	255	0	0	255
123	0	0	255	0	0	255
124	0	0	255	0	0	255
125	0	0	255	0	0	255
126	0	0	255	0	0	255
127	0	0	255	0	0	255
128	0	0	255	0	0	255
129	0	0	255	0	0	255
130	0	0	255	0	0	255
131	0	0	255	0	0	255
132	0	0	255	0	0	255
133	0	0	255	0	0	255
134	0	0	255	0	0	255
135	0	0	255	0	0	255
136	0	0	255	0	0	255
137	0	0	255	0	0	255
138	0	0	255	0	0	255
139	0	0	255	0	0	255
140	0	0	255	0	0	255
141	0	0	255	0	0	255
142	0	0	255	0	0	255
143	0	0	255	0	0	255
144	0	0	255	0	0	255
145	0	0	255	0	0	255
146	0	0	255	0	0	255
147	0	0	255	0	0	255
148	0	0	255	0	0	255
149	0	0	255	0	0	255
150	0	0	255	0	0	255
151	0	0	255	0	0	255
152	0	0	255	0	0	255
153	0	0	255	0	0	255
154	0	0	255	0	0	255
155	0	0	255	0	0	255
156	0	0	255	0	0	255
157	0	0	255	0	0	255
158	0	0	255	0	0	255
159	0	0	255	0	0	255
160	0	0	255	0	0	255
161	0	0	255	0	0	255
162	0	0	255	0	0	255
163	0	0	255	0	0	255
164	0	0	255	0	0	255
165	0	0	255	0	0	255
166	0	0	255	0	0	255
167	0	0	255	0	0	255
168	0	0	255	0	0	255
169	0	0	255	0	0	255
170	0	0	255	0	0	255
171	0	0	255	0	0	255
172	0	0	255	0	0	255
173	0	0	255	0	0	255
174	0	0	255	0	0	255
175	0	0	255	0	0	255
176	0	0	255	0	0	255
177	0	0	255	0	0	255
178	0	0	255	0	0	255
179	0	0	255	0	0	255
180	0	0	255	0	0	255
181	0	0	255	0	0	255
182	0	0	255	0	0	255
183	0	0	255	0	0	255
184	0	0	255	0	0	255
185	0	0	255	0	0	255
186	0	0	255	0	0	255
187	0	0	255	0	0	255
188	0	0	255	0	0	255
189	0	0	255	0	0	255
190	0	0	255	0	0	255
191	0	0	255	0	0	255
192	0	0	255	0	0	255
193	0	0	255	0	0	255
194	0	0	255	0	0	255
195	0	0	255	0	0	255
196	0	0	255	0	0	255
197	0	0	255	0	0	255
198	0	0	255	0	0	255
199	0	0	255	0	0	255
200	0	0	255	0	0	255
201	0	0	255	0	0	255
202	0	0	255	0	0	255
203	0	0	255	0	0	255
204	0	0	255	0	0	255
205	0	0	255	0	0	255
206	0	0	255	0	0	255
207	0	0	255	0	0	255
208	0	0	255	0	0	255
209	0	0	255	0	0	255
210	0	0	255	0	0	255
211	0	0	255	0	0	255
212	0	0	255	0	0	255
213	0	0	255	0	0	255
214	0	0	255	0	0	255
215	0	0	255	0	0	255
216	0	0	255	0	0	255
217	0	0	255	0	0	255
218	0	0	255	0	0	255
219	0	0	255	0	0	255
220	0	0	255	0	0	255
221	0	0	255	0	0	255
222	0	0	255	0	0	255
223	0	0	255	0	0	255
224	0	0	255	0	0	255
225	0	0	255	0	0	255
226	0	0	255	0	0	255
227	0	0	255	0	0	255
228	0	0	255	0	0	255
229	0	0	255	0	0	255
230	0	0	255	0	0	255
231	0	0	255	0	0	255
232	0	0	255	0	0	255
233	0	0	255	0	0	255
234	0	0	255	0	0	255
235	0	0	255	0	0	255
236	0	0	255	0	0	255
237	0	0	255	0	0	255
238	0	0	255	0	0	255
239	0	0	255	0	0	255
240	0	0	255	0	0	255
241	0	0	255	0	0	255
242	0	0	255	0	0	255
243	0	0	255	0	0	255
244	0	0	255	0	0	255
245	0	0	255	0	0	255
246	0	0	255	0	0	255
247	0	0	255	0	0	255
248	0	0	255	0	0	255
249	0	0	255	0	0	255
250	0	0	255	0	0	255
251	0	0	255	0	0	255
252	0	0	255	0	0	255
253	0	0	255	0	0	255
254	0	0	255	0	0	255
255	0	0	255	0	0	255
256	0	0	255	0	0	255
257	0	0	255	0	0	255
258	0	0	255	0	0	255
259	0	0	255	0	0	255
260	0	0	255	0	0	255
261	0	0	255	0	0	255
262	0	0	255	0	0	255
263	0	0	255	0	0	255
264	0	0	255	0	0	255
265	0	0	255	0	0	255
266	0	0	255	0	0	255
267	0	0	255	0	0	255
268	0	0	255	0	0	255
269	0	0	255	0	0	255
270	0	0	255	0	0	255
271	0	0	255	0	0	255
272	0	0	255	0	0	255
273	0	0	255	0	0	255
274	0	0	255	0	0	255
275	0	0	255	0	0	255
276	0	0	255	0	0	255
277	0	0	255	0	0	255
278	0	0	255	0	0	255
279	0	0	255	0	0	255
280	0	0	255	0	0	255
281	0	0	255	0	0	255
282	0	0	255	0	0	255
283	0	0	255	0	0	255
284	0	0	255	0	0	255
285	0	0	255	0	0	255
286	0	0	255	0	0	255
287	0	0	255	0	0	255
288	0	0	255	0	0	255
289	0	0	255	0	0	255
290	0	0	255	0	0	255
291	0	0	255	0	0	255
292	0	0	255	0	0	255
293	0	0	255	0	0	255
294	0	0	255	0	0	255
295	0	0	255	0	0	255
296	0	0	255	0	0	255
297	0	0	255	0	0	255
298	0	0	255	0	0	255
299	0	0	255	0	0	255
300	0	0	255	0	0	255
301	0	0	255	0	0	255
302	0	0	255	0	0	255
303	0	0	255	0	0	255
304	0	0	255	0	0	255
305	0	0	255	0	0	255
306	0	0	255	0	0	255
307	0	0	255	0	0	255
308	0	0	255	0	0	255
309	0	0	255	0	0	255
310	0	0	255	0	0	255
311	0	0	255	0	0	255
312	0	0	255	0	0	255
313	0	0	255	0	0	255
314	0	0	255	0	0	255
315	0	0	255	0	0	255
316	0	0	255	0	0	255
317	0	0	255	0	0	255
318	0	0	255	0	0	255
319	0	0	255	0	0	255
320	0	0	255	0	0	255
321	0	0	255	0	0	255
322	0	0	255	0	0	255
323	0	0	255	0	0	255
324	0	0	255	0	0	255
325	0	0	255	0	0	255
326	0	0	255	0	0	255
327	0	0	255	0	0	255
328	0	0	255	0	0	255
329	0	0	255	0	0	255
330	0	0	255	0	0	255
331	0	0	255	0	0	255
332	0	0	255	0	0	255
333	0	0	255	0	0	255
334	0	0	255	0	0	255
335	0	0	255	0	0	255
336	0	0	255	0	0	255
337	0	0	255	0	0	255
338	0	0	255	0	0	255
339	0	0	255	0	0	255
340	0	0	255	0	0	255
341	0	0	255	0	0	255
342	0	0	255	0	0	255
343	0	0	255	0	0	255
344	0	0	255	0	0	255
345	0	0	255	0	0	255
346	0	0	255	0	0	255
347	0	0	255	0	0	255
348	0	0	255	0	0	255
349	0	0	255	0	0	255
350	0	0	255	0	0	255
351	0	0	255	0	0	255
352	0	0	255	0	0	255
353	0	0	255	0	0	255
354	0	0	255	0	0	255
355	0	0	255	0	0	255
356	0	0	255	0	0	255
357	0	0	255	0	0	255
358	0	0	255	0	0	255
359	0	0	255	0	0	255
360	0	0	255	0	0	255
361	0	0	255	0	0	255
362	0	0	255	0	0	255
363	0	0	255	0	0	255
364	0	0	255	0	0	255
365	0	0	255	0	0	255
366	0	0	255	0	0	255
367	0	0	255	0	0	255
368	0	0	255	0	0	255
369	0	0	255	0	0	255
370	0	0	255	0	0	255
371	0	0	255	0	0	255
372	0	0	255	0	0	255
373	0	0	255	0	0	255
374	0	0	255	0	0	255
375	0	0	255	0	0	255
376	0	0	255	0	0	255
377	0	0	255	0	0	255
378	0	0	255	0	0	255
379	0	0	255	0	0	255
380	0	0	255	0	0	255
381	0	0	255	0	0	255
382	0	0	255	0	0	255
383	0	0	255	0	0	255
384	0	0	255	0	0	255
385	0	0	255	0	0	255
386	0	0	255	0	0	255
387	0	0	255	0	0	255
388	0	0	255	0	0	255
389	0	0	255	0	0	255
390	0	0	255	0	0	255
391	0	0	255	0	0	255
392	0	0	255	0	0	255
393	0	0	255	0	0	255
394	0	0	255	0	0	255
395	0	0	255	0	0	255
396	0	0	255	0	0	255
397	0	0	255	0	0	255
398	0	0	255	0	0	255
399	0	0	255	0	0	255
400	0	0	255	0	0	255
401	0	0	255	0	0	255
402	0	0	255	0	0	255
403	0	0	255	0	0	255
404	0	0	255	0	0	255
405	0	0	255	0	0	255
406	0	0	255	0	0	255
407	0	0	255	0	0	255
408	0	0	255	0	0	255
409	0	0	255	0	0	255
410	0	0	255	0	0	255
411	0	0	255	0	0	255
412	0	0	255	0	0	255
413	0	0	255	0	0	255
414	0	0	255	0	0	255
415	0	0	255	0	0	255
416	0	0	255	0	0	255
417	0	0	255	0	0	255
418	0	0	255	0	0	255
419	0	0	255	0	0	255
420	0	0	255	0	0	255
421	0	0	255	0	0	255
422	0	0	255	0	0	255
423	0	0	255	0	0	255
424	0	0	255	0	0	255
425	0	0	255	0	0	255
426	0	0	255	0	0	255
427	0	0	255	0	0	255
428	0	0	255	0	0	255
429	0	0	255	0	0	255
430	0	0	255	0	0	255
431	0	0	255	0	0	255
432	0	0	255	0	0	255
433	0	0	255	0	0	255
434	0	0	255	0	0	255
435	0	0	255	0	0	255
436	0	0	255	0	0	255
437	0	0	255	0	0	255
438	0	0	255	0	0	255
439	0	0	255	0	0	255
440	0	0	255	0	0	255
441	0	0	255	0	0	255
442	0	0	255	0	0	255
443	0	0	255	0	0	255
444	0	0	255	0	0	255
445	0	0	255	0	0	255
446	0	0	255	0	0	255
447	0	0	255	0	0	255
448	0	0	255	0	0	255
449	0	0	255	0	0	255
450	0	0	255	0	0	255
451	0	0	255	0	0	255
452	0	0	255	0	0	255
453	0	0	255	0	0	255
454	0	0	255	0	0	255
455	0	0	255	0	0	255
456	0	0	255	0	0	255
457	0	0	255	0	0	255
458	0	0	255	0	0	255
459	0	0	255	0	0	255
460	0	0	255	0	0	255
461	0	0	255	0	0	255
462	0	0	255	0	0	255
463	0	0	255	0	0	255
464	0	0	255	0	0	255
465	0	0	255	0	0	255
466	0	0	255	0	0	255
467	0	0	255	0	0	255
468	0	0	255	0	0	255
469	0	0	255	0	0	255
470	0	0	255	0	0	255
471	0	0	255	0	0	255
472	0	0	255	0	0	255
473	0	0	255	0	0	255
474	0	0	255	0	0	255
475	0	0	255	0	0	255
476	0	0	255	0	0	255
477	0	0	255	0	0	255
478	0	0	255	0	0	255
479	0	0	255	0	0	255
480	0	0	255	0	0	255
481	0	0	255	0	0	255
482	0	0	255	0	0	255
483	0	0	255	0	0	255
484	0	0	255	0	0	255
485	0	0	255	0	0	255
486	0	0	255	0	0	255
487	0	0	255	0	0	255
488	0	0	255	0	0	255
489	0	0	255	0	0	255
490	0	0	255	0	0	255
491	0	0	255	0	0	255
492	0	0	255	0	0	255
493	0	0	255	0	0	255
494	0	0	255	0	0	255
495	0	0	255	0	0	255
496	0	0	255	0	0	255
497	0	0	255	0	0	255
498	0	0	255	0	0	255
499	0	0	255	0	0	255
500	0	0	255	0	0	255
501	0	0	255	0	0	255
502	0	0	255	0	0	255
503	0	0	255	0	0	255
504	0	0	255	0	0	255
505	0	0	255	0	0	255
506	0	0	255	0	0	255
507	0	0	255	0	0	255
508	0	0	255	0	0	255
509	0	0	255	0	0	255
510	0	0	255	0	0	255
511	0	0	255	0	0	255
512	0	0	255	0	0	255
513	0	0	255	0	0	255
514	0	0	255	0	0	255
515	0	0	255	0	0	255
516	0	0	255	0	0	255
517	0	0	255	0	0	255
518	0	0	255	0	0	255
519	0	0	255	0	0	255
520	0	0	255	0	0	255
521	0	0	255	0	0	255
522	0	0	255	0	0	255
523	0	0	255	0	0	255
524	0	0	255	0	0	255
525	0	0	255	0	0	255
526	0	0	255	0	0	255
527	0	0	255	0	0	255
528	0	0	255	0	0	255
529	0	0	255	0	0	255
530	0	0	255	0	0	255
531	0	0	255	0	0	255
532	0	0	255	0	0	255
533	0	0	255	0	0	255
534	0	0	255	0	0	255
535	0	0	255	0	0	255
536	0	0	255	0	0	255
537	0	0	255	0	0	255
538	0	0	255	0	0	255
539	0	0	255	0	0	255
540	0	0	255	0	0	255
541	0	0	255	0	0	255
542	0	0	255	0	0	255
543	0	0	255	0	0	255
544	0	0	255	0	0	255
545	0	0	255	0	0	255
546	0	0	255	0	0	255
547	0	0	255	0	0	255
548	0	0	255	0	0	255
549	0	0	255	0	0	255
550	0	0	255	0	0	255
551	0	0	255	0	0	255
552	0	0	255	0	0	255
553	0	0	255	0	0	255
554	0	0	255	0	0	255
555	0	0	255	0	0	255
556	0	0	255	0	0	255
557	0	0	255	0	0	255
558	0	0	255	0	0	255
559	0	0	255	0	0	255
560	0	0	255	0	0	255
561	0	0	255	0	0	255
562	0	0	255	0	0	255
563	0	0	255	0	0	255
564	0	0	255	0	0	255
565	0	0	255	0	0	255
566	0	0	255	0	0	255
567	0	0	255	0	0	255
568	0	0	255	0	0	255
569	0	0	255	0	0	255
570	0	0	255	0	0	255
571	0	0	255	0	0	255
572	0	0	255	0	0	255
573	0	0	255	0	0	255
574	0	0	255	0	0	255
575	0	0	255	0	0	255
576	0	0	255	0	0	255
577	0	0	255	0	0	255
578	0	0	255	0	0	255
579	0	0	255	0	0	255
580	0	0	255	0	0	255
581	0	0	255	0	0	255
582	0	0	255	0	0	255
583	0	0	255	0	0	255
584	0	0	255	0	0	255
585	0	0	255	0	0	255
586	0	0	255	0	0	255
587	0	0	255	0	0	255
588	0	0	255	0	0	255
589	0	0	255	0	0	255
590	0	0	255	0	0	255
591	0	0	255	0	0	255
592	0	0	255	0	0	255
593	0	0	255	0	0	255
594	0	0	255	0	0	255
595	0	0	255	0	0	255
596	0	0	255	0	0	255
597	0	0	255	0	0	255
598	0	0	255	0	0	255
599	0	0	255	0	0	255
600	0	0	255	0	0	255
601	0	0	255	0	0	255
602	0	0	255	0	0	255
603	0	0	255	0	0	255
604	0	0	255	0	0	255
605	0	0	255	0	0	255
606	0	0	255	0	0	255
607	0	0	255	0	0	255
608	0	0	255	0	0	255
609	0	0	255	0	0	255
610	0	0	255	0	0	255
611	0	0	255	0	0	255
612	0	0	255	0	0	255
613	0	0	255	0	0	255
614	0	0	255	0	0	255
615	0	0	255	0	0	255
616	0	0	255	0	0	255
617	0	0	255	0	0	255
618	0	0	255	0	0	255
619	0	0	255	0	0	255
620	0	0	255	0	0	255
621	0	0	255	0	0	255
622	0	0	255	0	0	255
623	0	0	255	0	0	255
624	0	0	255	0	0	255
625	0	0	255	0	0	255
626	0	0	255	0	0	255
627	0	0	255	0	0	255
628	0	0	255	0	0	255
629	0	0	255	0	0	255
630	0	0	255	0	0	255
631	0	0	255	0	0	255
632	0	0	255	0	0	255
633	0	0	255	0	0	255
634	0	0	255	0	0	255
635	0	0	255	0	0	255
636	0	0	255	0	0	255
637	0	0	255	0	0	255
638	0	0	255	0	0	255
639	0	0	255	0	0	255
640	0	0	255	0	0	255
641	0	0	255	0	0	255
642	0	0	255	0	0	255
643	0	0	255	0	0	255
644	0	0	255	0	0	255
645	0	0	255	0	0	255
646	0	0	255	0	0	255
647	0	0	255	0	0	255
648	0	0	255	0	0	255
649	0	0	255	0	0	255
650	0	0	255	0	0	255
651	0	0	255	0	0	255
652	0	0	255	0	0	255
653	0	0	255	0	0	255
654	0	0	255	0	0	255
655	0	0	255	0	0	255
656	0	0	255	0	0	255
657	0	0	255	0	0	255
658	0	0	255	0	0	255
659	0	0	255	0	0	255
660	0	0	255	0	0	255
661	0	0	255	0	0	255
662	0	0	255	0	0	255
663	0	0	255	0	0	255
664	0	0	255	0	0	255
665	0	0	255	0	0	255
666	0	0	255	0	0	255
667	0	0	255	0	0	255
668	0	0	255	0	0	255
669	0	0	255	0	0	255
670	0	0	255	0	0	255
671	0	0	255	0	0	255
672	0	0	255	0	0	255
673	0	0	255	0	0	255
674	0	0	255	0	0	255
675	0	0	255	0	0	255
676	0	0	255	0	0	255
677	0	0	255	0	0	255
678	0	0	255	0	0	255
679	0	0	255	0	0	255
680	0	0	255	0	0	255
681	0	0	255	0	0	255
682	0	0	255	0	0	255
683	0	0	255	0	0	255
684	0	0	255	0	0	255
685	0	0	255	0	0	255
686	0	0	255	0	0	255
687	0	0	255	0	0	255
688	0	0	255	0	0	255
689	0	0	255	0	0	255
690	0	0	255	0	0	255
691	0	0	255	0	0	255
692	0	0	255	0	0	255
693	0	0	255	0	0	255
694	0	0	255	0	0	255
695	0	0	255	0	0	255
696	0	0	255	0	0	255
697	0	0	255	0	0	255
698	0	0	255	0	0	255
699	0	0	255	0	0	255
700	0	0	255	0	0	255
701	0	0	255	0	0	255
702	0	0	255	0	0	255
703	0	0	255	0	0	255
704	0	0	255	0	0	255
705	0	0	255	0	0	255
706	0	0	255	0	0	255
707	0	0	255	0	0	255
708	0	0	255	0	0	255
709	0	0	255	0	0	255
710	0	0	255	0	0	255
711	0	0	255	0	0	255
712	0	0	255	0	0	255
713	0	0	255	0	0	255
714	0	0	255	0	0	255
715	0	0	255	0	0	255
716	0	0	255	0	0	255
717	0	0	255	0	0	255
718	0	0	255	0	0	255
719	0	0	255	0	0	255
720	0	0	255	0	0	255
721	0	0	255	0	0	255
722	0	0	255	0	0	255
723	0	0	255	0	0	255
724	0	0	255	0	0	255
725	0	0	255	0	0	255
726	0	0	255	0	0	255
727	0	0	255	0	0	255
728	0	0	255	0	0	255
729	0	0	255	0	0	255
730	0	0	255	0	0	255
731	0	0	255	0	0	255
732	0	0	255	0	0	255
733	0	0	255	0	0	255
734	0	0	255	0	0	255
735	0	0	255	0	0	255
736	0	0	255	0	0	255
737	0	0	255	0	0	255
738	0	0	255	0	0	255
739	0	0	255	0	0	255
740	0	0	255	0	0	255
741	0	0	255	0	0	255
742	0	0	255	0	0	255
743	0	0	255	0	0	255
744	0	0	255	0	0	255
745	0	0	255	0	0	255
746	0	0	255	0	0	255
747	0	0	255	0	0	255
748	0	0	255	0	0	255
749	0	0	255	0	0	255
750	0	0	255	0	0	255
751	0	0	255	0	0	255
752	0	0	255	0	0	255
753	0	0	255	0	0	255
754	0	0	255	0	0	255
755	0	0	255	0	0	255
756	0	0	255	0	0	255
757	0	0	255	0	0	255
758	0	0	255	0	0	255
759	0	0	255	0	0	255
760	0	0	255	0	0	255
761	0	0	255	0	0	255
762	0	0	255	0	0	255
763	0	0	255	0	0	255
764	0	0	255	0	0	255
765	0	0	255	0	0	255
766	0	0	255	0	0	255
767	0	0	255	0	0	255
768	0	0	255	0	0	255
769	0	0	255	0	0	255
770	0	0	255	0	0	255
771	0	0	255	0	0	255
772	0	0	255	0	0	255
773	0	0	255	0	0	255
774	0	0	255	0	0	255
775	0	0	255	0	0	255
776	0	0	255	0	0	255
777	0	0	255	0	0	255
778	0	0	255	0	0	255
779	0	0	255	0	0	255
780	0	0	255	0	0	255
781	0	0	255	0	0	255
782	0	0	255	0	0	255
783	0	0	255	0	0	255
784	0	0	255	0	0	255
785	0	0	255	0	0	255
786	0	0	255	0	0	255
787	0	0	255	0	0	255
788	0	0	255	0	0	255
789	0	0	255	0	0	255
790	0	0	255	0	0	255
791	0	0	255	0	0	255
792	0	0	255	0	0	255
793	0	0	255	0	0	255
794	0	0	255	0	0	255
795	0	0	255	0	0	255
796	0	0	255	0	0	255
797	0	0	255	0	0	255
798	0	0	255	0	0	255
799	0	0	255	0	0	255
800	0	0	255	0	0	255
801	0	0	255	0	0	255
802	0	0	255	0	0	255
803	0	0	255	0	0	255
804	0	0	255	0	0	255
805	0	0	255	0	0	255
806	0	0	255	0	0	255
807	0	0	255	0	0	255
808	0	0	255	0	0	255
809	0	0	255	0	0	255
810	0	0	255	0	0	255
811	0	0	255	0	0	255
812	0	0	255	0	0	255
813	0	0	255	0	0	255
814	0	0	255	0	0	255
815	0	0	255	0	0	255
816	0	0	255	0	0	255
817	0	0	255	0	0	255
818	0	0	255	0	0	255
819	0	0	255	0	0	255
820	0	0	255	0	0	255
821	0	0	255	0	0	255
822	0	0	255	0	0	255
823	0	0	255	0	0	255
824	0	0	255	0	0	255
825	0	0	255	0	0	255
826	0	0	255	0	0	255
827	0	0	255	0	0	255
828	0	0	255	0	0	255
829	0	0	255	0	0	255
830	0	0	255	0	0	255
831	0	0	255	0	0	255
832	0	0	255	0	0	255
833	0	0	255	0	0	255
834	0	0	255	0	0	255
835	0	0	255	0	0	255
836	0	0	255	0	0	255
837	0	0	255	0	0	255
838	0	0	255	0	0	255
839	0	0	255	0	0	255
840	0	0	255	0	0	255
841	0	0	255	0	0	255
842	0	0	255	0	0	255
843	0	0	255	0	0	255
844	0	0	255	0	0	255
845	0	0	255	0	0	255
846	0	0	255	0	0	255
847	0	0	255	0	0	255
848	0	0	255	0	0	255
849	0	0	255	0	0	255
850	0	0	255	0	0	255
851	0	0	255	0	0	255
852	0	0	255	0	0	255
853	0	0	255	0	0	255
854	0	0	255	0	0	255
855	0	0	255	0	0	255
856	0	0	255	0	0	255
857	0	0	255	0	0	255
858	0	0	255	0	0	255
859	0	0	255	0	0	255
860	0	0	255	0	0	255
861	0	0	255	0	0	255
862	0	0	255	0	0	255
863	0	0	255	0	0	255
864	0	0	255	0	0	255
865	0	0	255	0	0	255
866	0	0	255	0	0	255
867	0	0	255	0	0	255
868	0	0	255	0	0	255
869	0	0	255	0	0	255
870	0	0	255	0	0	255
871	0	0	255	0	0	255
872	0	0	255	0	0	255
873	0	0	255	0	0	255
874	0	0	255	0	0	255
875	0	0	255	0	0	255
876	0	0	255	0	0	255
877	0	0	255	0	0	255
878	0	0	255	0	0	255
879	0	0	255	0	0	255
880	0	0	255	0	0	255
881	0	0	255	0	0	255
882	0	0	255	0	0	255
883	0	0	255	0	0	255
884	0	0	255	0	0	255
885	0	0	255	0	0	255
886	0	0	255	0	0	255
887	0	0	255	0	0	255
888	0	0	255	0	0	255
889	0	0	255	0	0	255
890	0	0	255	0	0	255
891	0	0	255	0	0	255
892	0	0	255	0	0	255
893	0	0	255	0	0	255
894	0	0	255	0	0	255
895	0	0	255	0	0	255
896	0	0	255	0	0	255
897	0	0	255	0	0	255
898	0	0	255	0	0	255
899	0	0	255	0	0	255
900	0	0	255	0	0	255
901	0	0	255	0	0	255
902	0	0	255	0	0	255
903	0	0	255	0	0	255
904	0	0	255	0	0	255
905	0	0	255	0	0	255
906	0	0	255	0	0	255
907	0	0	255	0	0	255
908	0	0	255	0	0	255
909	0	0	255	0	0	255
910	0	0	255	0	0	255
911	0	0	255	0	0	255
912	0	0	255	0	0	255
913	0	0	255	0	0	255
914	0	0	255	0	0	255
915	0	0	255	0	0	255
916	0	0	255	0	0	255
917	0	0	255	0	0	255
918	0	0	255	0	0	255
919	0	0	255	0	0	255
920	0	0	255	0	0	255
921	0	0	255	0	0	255
922	0	0	255	0	0	255
923	0	0	255	0	0	255
924	0	0	255	0	0	255
925	0	0	255	0	0	255
926	0	0	255	0	0	255
927	0	0	255	0	0	255
928	0	0	255	0	0	255
929	0	0	255	0	0	255
930	0	0	255	0	0	255
931	0	0	255	0	0	255
932	0	0	255	0	0	255
933	0	0	255	0	0	255
934	0	0	255	0	0	255
935	0	0	255	0	0	255
936	0	0	255	0	0	255
937	0	0	255	0	0	255
938	0	0	255	0	0	255
939	0	0	255	0	0	255
940	0	0	255	0	0	255
941	0	0	255	0	0	255
942	0	0	255	0	0	255
943	0	0	255	0	0	255
944	0	0	255	0	0	255
945	0	0	255	0	0	255
946	0	0	255	0	0	255
947	0	0	255	0	0	255
948	0	0	255	0	0	255
949	0	0	255	0	0	255
950	0	0	255	0	0	255
951	0	0	255	0	0	255
952	0	0	255	0	0	255
953	0	0	255	0	0	255
954	0	0	255	0	0	255
955	0	0	255	0	0	255
956	0	0	255	0	0	255
957	0	0	255	0	0	255
958	0	0	255	0	0	255
959	0	0	255	0	0	255
960	0	0	255	0	0	255
961	0	0	255	0	0	255
962	0	0	255	0	0	255
963	0	0	255	0	0	255
964	0	0	255	0	0	255
965	0	0	255	0	0	255
966	0	0	255	0	0	255
967	0	0	255	0	0	255
968	0	0	255	0	0	255
969	0	0	255	0	0	255
970	0	0	255	0	0	255
971	0	0	255	0	0	255
972	0	0	255	0	0	255
973	0	0	255	0	0	255
974	0	0	255	0	0	255
975	0	0	255	0	0	255
976	0	0	255	0	0	255
977	0	0	255	0	0	255
978	0	0	255	0	0	255
979	0	0	255	0	0	255
980	0	0	255	0	0	255
981	0	0	255	0	0	255
982	0	0	255	0	0	255
983	0	0	255	0	0	255
984	0	0	255	0	0	255
985	0	0	255	0	0	255
986	0	0	255	0	0	255
987	0	0	255	0	0	255
988	0	0	255	0	0	255
989	0	0	255	0	0	255
990	0	0	255	0	0	255
991	0	0	255	0	0	255
992	0	0	255	0	0	255
993	0	0	255	0	0	255
994	0	0	255	0	0	255
995	0	0	255	0	0	255
996	0	0	255	0	0	255
997	0	0	255	0	0	255
998	0	0	255	0	0	255
999	0	0	255	0	0	255
1000	0	0	255	0	0	255
1001	0	0	255	0	0	255
1002	0	0	255	0	0	255
1003	0	0	255	0	0	255
1004	0	0	255	0	0	255
1005	0	0	255	0	0	255
1006	0	0	255	0	0	255
1007	0	0	255	0	0	255
1008	0	0	255	0	0	255
1009	0	0	255	0	0	255
1010	0	0	255	0	0	255
1011	0	0	255	0	0	255
1012	0	0	255	0	0	255
1013	0	0	255	0	0	255
1014	0	0	255	0	0	255
1015	0	0	255	0	0	255
1016	0	0	255	0	0	255
1017	0	0	255	0	0	255
1018	0	0	255	0	0	255
1019	0	0	255	0	0	255
1020	0	0	255	0	0	255
1021	0	0	255	0	0	255
1022	0	0	255	0	0	255
1023	0	0	255	0	0	255
1024	0	0	255	0	0	255
1025	0	0	255	0	0	255
1026	0	0	255	0	0	255
1027	0	0	255	0	0	255
1028	0	0	255	0	0	255
1029	0	0	255	0	0	255
1030	0	0	255	0	0	255
1031	0	0	255	0	0	255
1032	0	0	255	0	0	255
1033	0	0	255	0	0	255
1034	0	0	255	0	0	255
1035	0	0	255	0	0	255
1036	0	0	255	0	0	255
1037	0	0	255	0	0	255
1038	0	0	255	0	0	255
1039	0	0	255	0	0	255
1040	0	0	255	0	0	255
1041	0	0	255	0	0	255
1042	0	0	255	0	0	255
1043	0	0	255	0	0	255
1044	0	0	255	0	0	255
1045	0	0	255	0	0	255
1046	0	0	255	0	0	255
1047	0	0	255	0	0	255
1048	0	0	255	0	0	255
1049	0	0	255	0	0	255
1050	0	0	255	0	0	255
1051	0	0	255	0	0	255
1052	0	0	255	0	0	255
1053	0	0	255	0	0	255
1054	0	0	255	0	0	255
1055	0	0	255	0	0	255
1056	0	0	255	0	0	255
1057	0	0	255	0	0	255
1058	0	0	255	0	0	255
1059	0	0	255	0	0	255
1060	0	0	255	0	0	255
1061	0	0	255	0	0	255
1062	0	0	255	0	0	255
1063	0	0	255	0	0	255
1064	0	0	255	0	0	255
1065	0	0	255	0	0	255
1066	0	0	255	0	0	255
1067	0	0	255	0	0	255
1068	0	0	255	0	0	255
1069	0	0	255	0	0	255
1070	0	0	255	0	0	255
1071	0	0	255	0	0	255
1072	0	0	255	0	0	255
1073	0	0	255	0	0	255
1074	0	0	255	0	0	255
1075	0	0	255	0	0	255
1076	0	0	255	0	0	255
1077	0	0	255	0	0	255
1078	0	0	255	0	0	255
1079	0	0	255	0	0	255
1080	0	0	255	0	0	255
1081	0	0	255	0	0	255
1082	0	0	255	0	0	255
1083	0	0	255	0	0	255
1084	0	0	255	0	0	255
1085	0	0	255	0	0	255
1086	0	0	255	0	0	255
1087	0	0	255	0	0	255
1088	0	0	255	0	0	255
1089	0	0	255	0	0	255
1090	0	0	255	0	0	255
1091	0	0	255	0	0	255
1092	0	0	255	0	0	255
1093	0	0	255	0	0	255
1094	0	0	255	0	0	255
1095	0	0	255	0	0	255
1096	0	0	255	0	0	255
1097	0	0	255	0	0	255
1098	0	0	255	0	0	255
1099	0	0	255	0	0	255
1100	0	0	255	0	0	255
1101	0	0	255	0	0	255
1102	0	0	255	0	0	255
1103	0	0	255	0	0	255
1104	0	0	255	0	0	255
1105	0	0	255	0	0	255
1106	0	0	255	0	0	255
1107	0	0	255	0	0	255
1108	0	0	255	0	0	255
1109	0	0	255	0	0	255
1110	0	0	255	0	0	255
1111	0	0	255	0	0	255
1112	0	0	255	0	0	255
1113	0	0	255	0	0	255
1114	0	0	255	0	0	255
1115	0	0	255	0	0	255
1116	0	0	255	0	0	255
1117	0	0	255	0	0	255
1118	0	0	255	0	0	255
1119	0	0	255	0	0	255
1120	0	0	255	0	0	255
1121	0	0	255	0	0	255
1122	0	0	255	0	0	255
1123	0	0	255	0	0	255
1124	0	0	255	0	0	255
1125	0	0	255	0	0	255
1126	0	0	255	0	0	255
1127	0	0	255	0	0	255
1128	0	0	255	0	0	255
1129	0	0	255	0	0	255
1130	0	0	255	0	0	255
1131	0	0	255	0	0	255
1132	0	0	255	0	0	255
1133	0	0	255	0	0	255
1134	0	0	255	0	0	255
1135	0	0	255	0	0	255
1136	0	0	255	0	0	255
1137	0	0	255	0	0	255
1138	0	0	255	0	0	255
1139	0	0	255	0	0	255
1140	0	0	255	0	0	255
1141	0	0	255	0	0	255
1142	0	0	255	0	0	255
1143	0	0	255	0	0	255
1144	0	0	255	0	0	255
1145	0	0	255	0	0	255
1146	0	0	255	0	0	255
1147	0	0	255	0	0	255
1148	0	0	255	0	0	255
1149	0	0	255	0	0	255
1150	0	0	255	0	0	255
1151	0	0	255	0	0	255
1152	0	0	255	0	0	255
1153	0	0	255	0	0	255
1154	0	0	255	0	0	255
1155	0	0	255	0	0	255
1156	0	0	255	0	0	255
1157	0	0	255	0	0	255
1158	0	0	255	0	0	255
1159	0	0	255	0	0	255
1160	0	0	255	0	0	255
1161	0	0	255	0	0	255
1162	0	0	255	0	0	255
1163	0	0	255	0	0	255
1164	0	0	255	0	0	255
1165	0	0	255	0	0	255
1166	0	0	255	0	0	255
1167	0	0	255	0	0	255
1168	0	0	255	0	0	255
1169	0	0	255	0	0	255
1170	0	0	255	0	0	255
1171	0	0	255	0	0	255
1172	0	0	255	0	0	255
1173	0	0	255	0	0	255
1174	0	0	255	0	0	255
1175	0	0	255	0	0	255
1176	0	0	255	0	0	255
1177	0	0	255	0	0	255
1178	0	0	255	0	0	255
1179	0	0	255	0	0	255
1180	0	0	255	0	0	255
1181	0	0	255	0	0	255
1182	0	0	255	0	0	255
1183	0	0	255	0	0	255
1184	0	0	255	0	0	255
1185	0	0	255	0	0	255
1186	0	0	255	0	0	255
1187	0	0	255	0	0	255
1188	0	0	255	0	0	255
1189	0	0	255	0	0	255
1190	0	0	255	0	0	255
1191	0	0	255	0	0	255
1192	0	0	255	0	0	255
1193	0	0	255	0	0	255
1194	0	0	255	0	0	255
1195	0	0	255	0	0	255
1196	0	0	255	0	0	255
1197	0	0	255	0	0	255
1198	0	0	255	0	0	255
1199	0	0	255	0	0	255
1200	0	0	255	0	0	255
1201	0	0	255	0	0	255
1202	0	0	255	0	0	255
1203	0	0	255	0	0	255
1204	0	0	255	0	0	255
1205	0	0	255	0	0	255
1206	0	0	255	0	0	255
1207	0	0	255	0	0	255
1208	0	0	255	0	0	255
1209	0	0	255	0	0	255
1210	0	0	255	0	0	255
1211	0	0	255	0	0	255
1212	0	0	255	0	0	255
1213	0	0	255	0	0	255
1214	0	0	255	0	0	255
1215	0	0	255	0	0	255
1216	0	0	255	0	0	255
1217	0	0	255	0	0	255
1218	0	0	255	0	0	255
1219	0	0	255	0	0	255
1220	0	0	255	0	0	255
1221	0	0	255	0	0	255
1222	0	0	255	0	0	255
1223	0	0	255	0	0	255
1224	0	0	255	0	0	255
1225	0	0	255	0	0	255
1226	0	0	255	0	0	255
1227	0	0	255	0	0	255
1228	0	0	255	0	0	255
1229	0	0	255	0	0	255
1230	0	0	255	0	0	255
1231	0	0	255	0	0	255
1232	0	0	255	0	0	255
1233	0	0	255	0	0	255
1234	0	0	255	0	0	255
1235	0	0	255	0	0	255
1236	0	0	255	0	0	255
1237	0	0	255	0	0	255
1238	0	0	255	0	0	255
1239	0	0	255	0	0	255
1240	0	0	255	0	0	255
1241	0	0	255	0	0	255
1242	0	0	255	0	0	255
1243	0	0	255	0	0	255
1244	0	0	255	0	0	255
1245	0	0	255	0	0	255
1246	0	0	255	0	0	255
1247	0	0	255	0	0	255
1248	0	0	255	0	0	255
1249	0	0	255	0	0	255
1250	0	0	255	0	0	255
1251	0	0	255	0	0	255
1252	0	0	255	0	0	255
1253	0	0	255	0	0	255
1254	0	0	255	0	0	255
1255	0	0	255	0	0	255
1256	0	0	255	0	0	255
1257	0	0	255	0	0	255
1258	0	0	255	0	0	255
1259	0	0	255	0	0	255
1260	0	0	255	0	0	255
1261	0	0	255	0	0	255
1262	0	0	255	0	0	255
1263	0	0	255	0	0	255
1264	0	0	255	0	0	255
1265	0	0	255	0	0	255
1266	0	0	255	0	0	255
1267	0	0	255	0	0	255
1268	0	0	255	0	0	255
1269	0	0	255	0	0	255
1270	0	0	255	0	0	255
1271	0	0	255	0	0	255
1272	0	0	255	0	0	255
1273	0	0	255	0	0	255
1274	0	0	255	0	0	255
1275	0	0	255	0	0	255
1276	0	0	255	0	0	255
1277	0	0	255	0	0	255
1278	0	0	255	0	0	255
1279	0	0	255	0	0	255
1280	0	0	255	0	0	255
1281	0	0	255	0	0	255
1282	0	0	255	0	0	255
1283	0	0	255	0	0	255
1284	0	0	255	0	0	255
1285	0	0	255	0	0	255
1286	0	0	255	0	0	255
1287	0	0	255	0	0	255
1288	0	0	255	0	0	255
1289	0	0	255	0	0	255
1290	0	0	255	0	0	255
1291	0	0	255	0	0	255
1292	0	0	255	0	0	255
1293	0	0	255	0	0	255
1294	0	0	255	0	0	255
1295	0	0	255	0	0	255
1296	0	0	255	0	0	255
1297	0	0	255	0	0	255
1298	0	0	255	0	0	255
1299	0	0	255	0	0	255
1300	0	0	255	0	0	255
1301	0	0	255	0	0	255
1302	0	0	255	0	0	255
1303	0	0	255	0	0	255
1304	0	0	255	0	0	255
1305	0	0	255	0	0	255
1306	0	0	255	0	0	255
1307	0	0	255	0	0	255
1308	0	0	255	0	0	255
1309	0	0	255	0	0	255
1310	0	0	255	0	0	255
1311	0	0	255	0	0	255
1312	0	0	255	0	0	255
1313	0	0	255	0	0	255
1314	0	0	255	0	0	255
1315	0	0	255	0	0	255
1316	0	0	255	0	0	255
1317	0	0	255	0	0	255
1318	0	0	255	0	0	255
1319	0	0	255	0	0	255
1320	0	0	255	0	0	255
1321	0	0	255	0	0	255
1322	0	0	255	0	0	255
1323	0	0	255	0	0	255
1324	0	0	255	0	0	255
1325	0	0	255	0	0	255
1326	0	0	255	0	0	255
1327	0	0	255	0	0	255
1328	0	0	255	0	0	255
1329	0	0	255	0	0	255
1330	0	0	255	0	0	255
1331	0	0	255	0	0	255
1332	0	0	255	0	0	255
1333	0	0	255	0	0	255
1334	0	0	255	0	0	255
1335	0	0	255	0	0	255
1336	0	0	255	0	0	255
1337	0	0	255	0	0	255
1338	0	0	255	0	0	255
1339	0	0	255	0	0	255
1340	0	0	255	0	0	255
1341	0	0	255	0	0	255
1342	0	0	255	0	0	255
1343	0	0	255	0	0	255
1344	0	0	255	0	0	255
1345	0	0	255	0	0	255
1346	0	0	255	0	0	255
1347	0	0	255	0	0	255
1348	0	0	255	0	0	255
1349	0	0	255	0	0	255
1350	0	0	255	0	0	255
1351	0	0	255	0	0	255
1352	0	0	255	0	0	255
1353	0	0	255	0	0	255
1354	0	0	255	0	0	255
1355	0	0	255	0	0	255
1356	0	0	255	0	0	255
1357	0	0	255	0	0	255
1358	0	0	255	0	0	255
1359	0	0	255	0	0	255
1360	0	0	255	0	0	255
1361	0	0	255	0	0	255
1362	0	0	255	0	0	255
1363	0	0	255	0	0	255
1364	0	0	255	0	0	255
1365	0	0	255	0	0	255
1366	0	0	255	0	0	255
1367	0	0	255	0	0	255
1368	0	0	255	0	0	255
1369	0	0	255	0	0	255
1370	0	0	255	0	0	255
1371	0	0	255	0	0	255
1372	0	0	255	0	0	255
1373	0	0	255	0	0	255
1374	0	0	255	0	0	255
1375	0	0	255	0	0	255
1376	0	0	255	0	0	255
1377	0	0	255	0	0	255
1378	0	0	255	0	0	255
1379	0	0	255	0	0	255
1380	0	0	255	0	0	255
1381	0	0	255	0	0	255
1382	0	0	255	0	0	255
1383	0	0	255	0	0	255
1384	0	0	255	0	0	255
1385	0	0	255	0	0	255
1386	0	0	255	0	0	255
1387	0	0	255	0	0	255
1388	0	0	255	0	0	255
1389	0	0	255	0	0	255
1390	0	0	255	0	0	255
1391	0	0	255	0	0	255
1392	0	0	255	0	0	255
1393	0	0	255	0	0	255
1394	0	0	255	0	0	255
1395	0	0	255	0	0	255
1396	0	0	255	0	0	255
1397	0	0	255	0	0	255
1398	0	0	255	0	0	255
1399	0	0	255	0	0	255
1400	0	0	255	0	0	255
1401	0	0	255	0	0	255
1402	0	0	255	0	0	255
1403	0	0	255	0	0	255
1404	0	0	255	0	0	255
1405	0	0	255	0	0	255
1406	0	0	255	0	0	255
1407	0	0	255	0	0	255
1408	0	0	255	0	0	255
1409	0	0	255	0	0	255
1410	0	0	255	0	0	255
1411	0	0	255	0	0	255
1412	0	0	255	0	0	255
1413	0	0	255	0	0	255
1414	0	0	255	0	0	255
1415	0	0	255	0	0	255
1416	0	0	255	0	0	255
1417	0	0	255	0	0	255
1418	0	0	255	0	0	255
1419	0	0	255	0	0	255
1420	0	0	255	0	0	255
1421	0	0	255	0	0	255
1422	0	0	255	0	0	255
1423	0	0	255	0	0	255
1424	0	0	255	0	0	255
1425	0	0	255	0	0	255
1426	0	0	255	0	0	255
1427	0	0	255	0	0	255
1428	0	0	255	0	0	255
1429	0	0	255	0	0	255
1430	0	0	255	0	0	255
1431	0	0	255	0	0	255
1432	0	0	255	0	0	255
1433	0	0	255	0	0	255
1434	0	0	255	0	0	255
1435	0	0	255	0	0	255
1436	0	0	255	0	0	255
1437	0	0	255	0	0	255
1438	0	0	255	0	0	255
1439	0	0	255	0	0	255
1440	0	0	255	0	0	255
1441	0	0	255	0	0	255
1442	0	0	255	0	0	255
1443	0	0	255	0	0	255
1444	0	0	255	0	0	255
1445	0	0	255	0	0	255
1446	0	0	255	0	0	255
1447	0	0	255	0	0	255
1448	0	0	255	0	0	255
1449	0	0	255	0	0	255
1450	0	0	255	0	0	255
1451	0	0	255	0	0	255
1452	0	0	255	0	0	255
1453	0	0	255	0	0	255
1454	0	0	255	0	0	255
1455	0	0	255	0	0	255
1456	0	0	255	0	0	255
1457	0	0	255	0	0	255
1458	0	0	255	0	0	255
1459	0	0	255	0	0	255
1460	0	0	255	0	0	255
1461	0	0	255	0	0	255
1462	0	0	255	0	0	255
1463	0	0	255	0	0	255
1464	0	0	255	0	0	255
1465	0	0	255	0	0	255
1466	0	0	255	0	0	255
1467	0	0	255	0	0	255
1468	0	0	255	0	0	255
1469	0	0	255	0	0	255
1470	0	0	255	0	0	255
1471	0	0	255	0	0	255
1472	0	0	255	0	0	255
1473	0	0	255	0	0	255
1474	0	0	255	0	0	255
1475	0	0	255	0	0	255
1476	0	0	255	0	0	255
1477	0	0	255	0	0	255
1478	0	0	255	0	0	255
1479	0	0	255	0	0	255
1480	0	0	255	0	0	255
1481	0	0	255	0	0	255
1482	0	0	255	0	0	255
1483	0	0	255	0	0	255
1484	0	0	255	0	0	255
1485	0	0	255	0	0	255
1486	0	0	255	0	0	255
1487	0	0	255	0	0	255
1488	0	0	255	0	0	255
1489	0	0	255	0	0	255
1490	0	0	255	0	0	255
1491	0	0	255	0	0	255
1492	0	0	255	0	0	255
1493	0	0	255	0	0	255
1494	0	0	255	0	0	255
1495	0	0	255	0	0	255
1496	0	0	255	0	0	255
1497	0	0	255	0	0	255
1498	0	0	255	0	0	255
1499	0	0	255	0	0	255
1500	0	0	255	0	0	255
1501	0	0	255	0	0	255
1502	0	0	255	0	0	255
1503	0	0	255	0	0	255
1504	0	0	255	0	0	255
1505	0	0	255	0	0	255
1506	0	0	255	0	0	255
1507	0	0	255	0	0	255
1508	0	0	255	0	0	255
1509	0	0	255	0	0	255
1510	0	0	255	0	0	255
1511	0	0	255	0	0	255
1512	0	0	255	0	0	255
1513	0	0	255	0	0	255
1514	0	0	255	0	0	255
1515	0	0	255	0	0	255
1516	0	0	255	0	0	255
1517	0	0	255	0	0	255
1518	0	0	255	0	0	255
1519	0	0	255	0	0	255
1520	0	0	255	0	0	255
1521	0	0	255	0	0	255
1522	0	0	255	0	0	255
1523	0	0	255	0	0	255
1524	0	0	255	0	0	255
1525	0	0	255	0	0	255
1526	0	0	255	0	0	255
1527	0	0	255	0	0	255
1528	0	0	255	0	0	255
1529	0	0	255	0	0	255
1530	0	0	255	0	0	255
1531	0	0	255	0	0	255
1532	0	0	255	0	0	255
1533	0	0	255	0	0	255
1534	0	0	255	0	0	255
1535	0	0	255	0	0	255
1536	0	0	255	0	0	255
1537	0	0	255	0	0	255
1538	0	0	255	0	0	255
1539	0	0	255	0	0	255
1540	0	0	255	0	0	255
1541	0	0	255	0	0	255
1542	0	0	255	0	0	255
1543	0	0	255	0	0	255
1544	0	0	255	0	0	255
1545	0	0	255	0	0	255
1546	0	0	255	0	0	255
1547	0	0	255	0	0	255
1548	0	0	255	0	0	255
1549	0	0	255	0	0	255
1550	0	0	255	0	0	255
1551	0	0	255	0	0	255
1552	0	0	255	0	0	255
1553	0	0	255	0	0	255
1554	0	0	255	0	0	255
1555	0	0	255	0	0	255
1556	0	0	255	0	0	255
1557	0	0	255	0	0	255
1558	0	0	255	0	0	255
1559	0	0	255	0	0	255
1560	0	0	255	0	0	255
1561	0	0	255	0	0	255
1562	0	0	255	0	0	255
1563	0	0	255	0	0	255
1564	0	0	255	0	0	255
1565	0	0	255	0	0	255
1566	0	0	255	0	0	255
1567	0	0	255	0	0	255
1568	0	0	255	0	0	255
1569	0	0	255	0	0	255
1570	0	0	255	0	0	255
1571	0	0	255	0	0	255
1572	0	0	255	0	0	255
1573	0	0	255	0	0	255
1574	0	0	255	0	0	255
1575	0	0	255	0	0	255
1576	0	0	255	0	0	255
1577	0	0	255	0	0	255
1578	0	0	255	0	0	255
1579	0	0	255	0	0	255
1580	0	0	255	0	0	255
1581	0	0	255	0	0	255
1582	0	0	255	0	0	255
1583	0	0	255	0	0	255
1584	0	0	255	0	0	255
1585	0	0	255	0	0	255
1586	0	0	255	0	0	255
1587	0	0	255	0	0	255
1588	0	0	255	0	0	255
1589	0	0	255	0	0	255
1590	0	0	255	0	0	255
1591	0	0	255	0	0	255
1592	0	0	255	0	0	255
1593	0	0	255	0	0	255
1594	0	0	255	0	0	255
1595	0	0	255	0	0	255
1596	0	0	255	0	0	255
1597	0	0	255	0	0	255
1598	0	0	255	0	0	255
1599	0	0	255	0	0	255
1600	0	0	255	0	0	255
1601	0	0	255	0	0	255
1602	0	0	255	0	0	255
1603	0	0	255	0	0	255
1604	0	0	255	0	0	255
1605	0	0	255	0	0	255
1606	0	0	255	0	0	255
1607	0	0	255	0	0	255
1608	0	0	255	0	0	255
1609	0	0	255	0	0	255
1610	0	0	255	0	0	255
1611	0	0	255	0	0	255
1612	0	0	255	0	0	255
1613	0	0	255	0	0	255
1614	0	0	255	0	0	255
1615	0	0	255	0	0	255
1616	0	0	255	0	0	255
1617	0	0	255	0	0	255
1618	0	0	255	0	0	255
1619	0	0	255	0	0	255
1620	0	0	255	0	0	255
1621	0	0	255	0	0	255
1622	0	0	255	0	0	255
1623	0	0	255	0	0	255
1624	0	0	255	0	0	255
1625	0	0	255	0	0	255
1626	0	0	255	0	0	255
1627	0	0	255	0	0	255
1628	0	0	255	0	0	255
1629	0	0	255	0	0	255
1630	0	0	255	0	0	255
1631	0	0	255	0	0	255
1632	0	0	255	0	0	255
1633	0	0	255	0	0	255
1634	0	0	255	0	0	255
1635	0	0	255	0	0	255
1636	0	0	255	0	0	255
1637	0	0	255	0	0	255
1638	0	0	255	0	0	255
1639	0	0	255	0	0	255
1640	0	0	255	0	0	255
1641	0	0	255	0	0	255
1642	0	0	255	0	0	255
1643	0	0	255	0	0	255
1644	0	0	255	0	0	255
1645	0	0	255	0	0	255
1646	0	0	255	0	0	255
1647	0	0	255	0	0	255
1648	0	0	255	0	0	255
1649	0	0	255	0	0	255
1650	0	0	255	0	0	255
1651	0	0	255	0	0	255
1652	0	0	255	0	0	255
1653	0	0	255	0	0	255
1654	0	0	255	0	0	255
1655	0	0	255	0	0	255
1656	0	0	255	0	0	255
1657	0	0	255	0	0	255
1658	0	0	255	0	0	255
1659	0	0	255	0	0	255
1660	0	0	255	0	0	255
1661	0	0	255	0	0	255
1662	0	0	255	0	0	255
1663	0	0	255	0	0	255
1664	0	0	255	0	0	255
1665	0	0	255	0	0	255
1666	0	0	255	0	0	255
1667	0	0	255	0	0	255
1668	0	0	255	0	0	255
1669	0	0	255	0	0	255
1670	0	0	255	0	0	255
1671	0	0	255	0	0	255
1672	0	0	255	0	0	255
1673	0	0	255	0	0	255
1674	0	0	255	0	0	255
1675	0	0	255	0	0	255
1676	0	0	255	0	0	255
1677	0	0	255	0	0	255
1678	0	0	255	0	0	255
1679	0	0	255	0	0	255
1680	0	0	255	0	0	255
1681	0	0	255	0	0	255
1682	0	0	255	0	0	255
1683	0	0	255	0	0	255
1684	0	0	255	0	0	255
1685	0	0	255	0	0	255
1686	0	0	255	0	0	255
1687	0	0	255	0	0	255
1688	0	0	255	0	0	255
1689	0	0	255	0	0	255
1690	0	0	255	0	0	255
1691	0	0	255	0	0	255
1692	0	0	255	0	0	255
1693	0	0	255	0	0	255
1694	0	0	255	0	0	255
1695	0	0	255	0	0	255
1696	0	0	255	0	0	255
1697	0	0	255	0	0	255
1698	0	0	255	0	0	255
1699	0	0	255	0	0	255
1700	0	0	255	0	0	255
1701	0	0	255	0	0	255
1702	0	0	255	0	0	255
1703	0	0	255	0	0	255
1704	0	0	255	0	0	255
1705	0	0	255	0	0	255
1706	0	0	255	0	0	255
1707	0	0	255	0	0	255
1708	0	0	255	0	0	255
1709	0	0	255	0	0	255
1710	0	0	255	0	0	255
1711	0	0	255	0	0	255
1712	0	0	255	0	0	255
1713	0	0	255	0	0	255
1714	0	0	255	0	0	255
1715	0	0	255	0	0	255
1716	0	0	255	0	0	255
1717	0	0	255	0	0	255
1718	0	0	255	0	0	255
1719	0	0	255	0	0	255
1720	0	0	255	0	0	255
1721	0	0	255	0	0	255
1722	0	0	255	0	0	255
1723	0	0	255	0	0	255
1724	0	0	255	0	0	255
1725	0	0	255	0	0	255
1726	0	0	255	0	0	255
1727	0	0	255	0	0	255
1728	0	0	255	0	0	255
1729	0	0	255	0	0	255
1730	0	0	255	0	0	255
1731	0	0	255	0	0	255
1732	0	0	255	0	0	255
1733	0	0	255	0	0	255
1734	0	0	255	0	0	255
1735	0	0	255	0	0	255
1736	0	0	255	0	0	255
1737	0	0	255	0	0	255
1738	0	0	255	0	0	255
1739	0	0	255	0	0	255
1740	0	0	255	0	0	255
1741	0	0	255	0	0	255
1742	0	0	255	0	0	255
1743	0	0	255	0	0	255
1744	0	0	255	0	0	255
1745	0	0	255	0	0	255
1746	0	0	255	0	0	255
1747	0	0	255	0	0	255
1748	0	0	255	0	0	255
1749	0	0	255	0	0	255
1750	0	0	255	0	0	255
1751	0	0	255	0	0	255
1752	0	0	255	0	0	255
1753	0	0	255	0	0	255
1754	0	0	255	0	0	255
1755	0	0	255	0	0	255
1756	0	0	255	0	0	255
1757	0	0	255	0	0	255
1758	0	0	255	0	0	255
1759	0	0	255	0	0	255
1760	0	0	255	0	0	255
1761	0	0	255	0	0	255
1762	0	0	255	0	0	255
1763	0	0	255	0	0	255
1764	0	0	255	0	0	255
1765	0	0	255	0	0	255
1766	0	0	255	0	0	255
1767	0	0	255	0	0	255
1768	0	0	255	0	0	255
1769	0	0	255	0	0	255
1770	0	0	255	0	0	255
1771	0	0	255	0	0	255
1772	0	0	255	0	0	255
1773	0	0	255	0	0	255
1774	0	0	255	0	0	255
1775	0	0	255	0	0	255
1776	0	0	255	0	0	255
1777	0	0	255	0	0	255
1778	0	0	255	0	0	255
1779	0	0	255	0	0	255
1780	0	0	255	0	0	255
1781	0	0	255	0	0	255
1782	0	0	255	0	0	255
1783	0	0	255	0	0	255
1784	0	0	255	0	0	255
1785	0	0	255	0	0	255
1786	0	0	255	0	0	255
1787	0	0	255	0	0	255
1788	0	0	255	0	0	255
1789	0	0	255	0	0	255
1790	0	0	255	0	0	255
1791	0	0	255	0	0	255
1792	0	0	255	0	0	255
1793	0	0	255	0	0	255
1794	0	0	255	0	0	255
1795	0	0	255	0	0	255
1796	0	0	255	0	0	255
1797	0	0	255	0	0	255
1798	0	0	255	0	0	255
1799	0	0	255	0	0	255
1800	0	0	255	0	0	255
1801	0	0	255	0	0	255
1802	0	0	255	0	0	255
1803	0	0	255	0	0	255
1804	0	0	255	0	0	255
1805	0	0	255	0	0	255
1806	0	0	255	0	0	255
1807	0	0	255	0	0	255
1808	0	0	255	0	0	255
1809	0	0	255	0	0	255
1810	0	0	255	0	0	255
1811	0	0	255	0	0	255
1812	0	0	255	0	0	255
1813	0	0	255	0	0	255
1814	0	0	255	0	0	255
1815	0	0	255	0	0	255
1816	0	0	255	0	0	255
1817	0	0	255	0	0	255
1818	0	0	255	0	0	255
1819	0	0	255	0	0	255
1820	0	0	255	0	0	255
1821	0	0	255	0	0	255
1822	0	0	255	0	0	255
1823	0	0	255	0	0	255
1824	0	0	255	0	0	255
1825	0	0	255	0	0	255
1826	0	0	255	0	0	255
1827	0	0	255	0	0	255
1828	0	0	255	0	0	255
1829	0	0	255	0	0	255
1830	0	0	255	0	0	255
1831	0	0	255	0	0	255
1832	0	0	255	0	0	255
1833	0	0	255	0	0	255
1834	0	0	255	0	0	255
1835	0	0	255	0	0	255
1836	0	0	255	0	0	255
1837	0	0	255	0	0	255
1838	0	0	255	0	0	255
1839	0	0	255	0	0	255
1840	0	0	255	0	0	255
1841	0	0	255	0	0	255
1842	0	0	255	0	0	255
1843	0	0	255	0	0	255
1844	0	0	255	0	0	255
1845	0	0	255	0	0	255
1846	0	0	255	0	0	255
1847	0	0	255	0	0	255
1848	0	0	255	0	0	255
1849	0	0	255	0	0	255
1850	0	0	255	0	0	255
1851	0	0	255	0	0	255
1852	0	0	255	0	0	255
1853	0	0	255	0	0	255
1854	0	0	255	0	0	255
1855	0	0	255	0	0	255
1856	0	0	255	0	0	255
1857	0	0	255	0	0	255
1858	0	0	255	0	0	255
1859	0	0	255	0	0	255
1860	0	0	255	0	0	255
1861	0	0	255	0	0	255
1862	0	0	255	0	0	255
1863	0	0	255	0	0	255
1864	0	0	255	0	0	255
1865	0	0	255	0	0	255
1866	0	0	255	0	0	255
1867	0	0	255	0	0	255
1868	0	0	255	0	0	255
1869	0	0	255	0	0	255
1870	0	0	255	0	0	255
1871	0	0	255	0	0	255
1872	0	0	255	0	0	255
1873	0	0	255	0	0	255
1874	0	0	255	0	0	255
1875	0	0	255	0	0	255
1876	0	0	255	0	0	255
1877	0	0	255	0	0	255
1878	0	0	255	0	0	255
1879	0	0	255	0	0	255
1880	0	0	255	0	0	255
1881	0	0	255	0	0	255
1882	0	0	255	0	0	255
1883	0	0	255	0	0	255
1884	0	0	255	0	0	255
1885	0	0	255	0	0	255
1886	0	0	255	0	0	255
1887	0	0	255	0	0	255
1888	0	0	255	0	0	255
1889	0	0	255	0	0	255
1890	0	0	255	0	0	255
1891	0	0	255	0	0	255
1892	0	0	255	0	0	255
1893	0	0	255	0	0	255
1894	0	0	255	0	0	255
1895	0	0	255	0	0	255
1896	0	0	255	0	0	255
1897	0	0	255	0	0	255
1898	0	0	255	0	0	255
1899	0	0	255	0	0	255
1900	0	0	255	0	0	255
1901	0	0	255	0	0	255
1902	0	0	255	0	0	255
1903	0	0	255	0	0	255
1904	0	0	255	0	0	255
1905	0	0	255	0	0	255
1906	0	0	255	0	0	255
1907	0	0	255	0	0	255
1908	0	0	255	0	0	255
1909	0	0	255	0	0	255
1910	0	0	255	0	0	255
1911	0	0	255	0	0	255
1912	0	0	255	0	0	255
1913	0	0	255	0	0	255
1914	0	0	255	0	0	255
1915	0	0	255	0	0	255
1916	0	0	255	0	0	255
1917	0	0	255	0	0	255
1918	0	0	255	0	0	255
1919	0	0	255	0	0	255
1920	0	0	255	0	0	255
1921	0	0	255	0	0	255
1922	0	0	255	0	0	255
1923	0	0	255	0	0	255
1924	0	0	255	0	0	255
1925	0	0	255	0	0	255
1926	0	0	255	0	0	255
1927	0	0	255	0	0	255
1928	0	0	255	0	0	255
1929	0	0	255	0	0	255
1930	0	0	255	0	0	255
1931	0	0	255	0	0	255
1932	0	0	255	0	0	255
1933	0	0	255	0	0	255
1934	0	0	255	0	0	255
1935	0	0	255	0	0	255
1936	0	0	255	0	0	255
1937	0	0	255	0	0	255
1938	0	0	255	0	0	255
1939	0	0	255	0	0	255
1940	0	0	255	0	0	255
1941	0	0	255	0	0	255
1942	0	0	255	0	0	255
1943	0	0	255	0	0	255
1944	0	0	255	0	0	255
1945	0	0	255	0	0	255
1946	0	0	255	0	0	255
1947	0	0	255	0	0	255
1948	0	0	255	0	0	255
1949	0	0	255	0	0	255
1950	0	0	255	0	0	255
1951	0	0	255	0	0	255
1952	0	0	255	0	0	255
1953	0	0	255	0	0	255
1954	0	0	255	0	0	255
1955	0	0	255	0	0	255
1956	0	0	255	0	0	255
1957	0	0	255	0	0	255
1958	0	0	255	0	0	255
1959	0	0	255	0	0	255
1960	0	0	255	0	0	255
1961	0	0	255	0	0	255
1962	0	0	255	0	0	255
1963	0	0	255	0	0	255
1964	0	0	255	0	0	255
1965	0	0	255	0	0	255
1966	0	0	255	0	0	255
1967	0	0	255	0	0	255
1968	0	0	255	0	0	255
1969	0	0	255	0	0	255
1970	0	0	255	0	0	255
1971	0	0	255	0	0	255
1972	0	0	255	0	0	255
1973	0	0	255	0	0	255
1974	0	0	255	0	0	255
1975	0	0	255	0	0	255
1976	0	0	255	0	0	255
1977	0	0	255	0	0	255
1978	0	0	255	0	0	255
1979	0	0	255	0	0	255
1980	0	0	255	0	0	255
1981	0	0	255	0	0	255
1982	0	0	255	0	0	255
1983	0	0	255	0	0	255
1984	0	0	255	0	0	255
1985	0	0	255	0	0	255
1986	0	0	255	0	0	255
1987	0	0	255	0	0	255
1988	0	0	255	0	0	255
1989	0	0	255	0	0	255
1990	0	0	255	0	0	255
1991	0	0	255	0	0	255
1992	0	0	255	0	0	255
1993	0	0	255	0	0	255
1994	0	0	255	0	0	255
1995	0	0	255	0	0	255
1996	0	0	255	0	0	255
1997	0	0	255	0	0	255
1998	0	0	255	0	0	255
1999	0	0	255	0	0	255
2000	0	0	255	0	0	255
2001	0	0	255	0	0	255
2002	0	0	255	0	0	255
2003	0	0	255	0	0	255
2004	0	0	255	0	0	255
2005	0	0	255	0	0	255
2006	0	0	255	0	0	255
2007	0	0	255	0	0	255
2008	0	0	255	0	0	255
2009	0	0	255	0	0	255
2010	0	0	255	0	0	255
2011	0	0	255	0	0	255
2012	0	0	255	0	0	255
2013	0	0	255	0	0	255
2014	0	0	255	0	0	255
2015	0	0	255	0	0	255
2016	0	0	255	0	0	255
2017	0	0	255	0	0	255
2018	0	0	255	0	0	255
2019	0	0	255	0	0	255
2020	0	0	255	0	0	255
2021	0	0	255	0	0	255
2022	0	0	255	0	0	255
2023	0	0	255	0	0	255
2024	0	0	255	0	0	255
2025	0	0	255	0	0	255
2026	0	0	255	0	0	255
2027	0	0	255	0	0	255
2028	0	0	255	0	0	255
2029	0	0	255	0	0	255
2030	0	0	255	0	0	255
2031	0	0	255	0	0	255
2032	0	0	255	0	0	255
2033	0	0	255	0	0	255
2034	0	0	255	0	0	255
2035	0	0	255	0	0	255
2036	0	0	255	0	0	255
2037	0	0	255	0	0	255
2038	0	0	255	0	0	255
2039	0	0	255	0	0	255
2040	0	0	255	0	0	255
2041	0	0	255	0	0	255
2042	0	0	255	0	0	255
2043	0	0	255	0	0	255
2044	0	0	255	0	0	255
2045	0	0	255	0	0	255
2046	0	0	255	0	0	255
2047	0	0	255	0	0	255
2048	0	0	255	0	0	255
2049	0	0	255	0	0	255
2050	0	0	255	0	0	255
2051	0	0	255	0	0	255
2052	0	0	255	0	0	255
2053	0	0	255	0	0	255
2054	0	0	255	0	0	255
2055	0	0	255	0	0	255
2056	0	0	255	0	0	255
2057	0	0	255	0	0	255
2058	0	0	255	0	0	255
2059	0	0	255	0	0	255
2060	0	0	255	0	0	255
2061	0	0	255	0	0	255
2062	0	0	255	0	0	255
2063	0	0	255	0	0	255
2064	0	0	255	0	0	255
2065	0	0	255	0	0	255
2066	0	0	255	0	0	255
2067	0	0	255	0	0	255
2068	0	0	255	0	0	255
2069	0	0	255	0	0	255
2070	0	0	255	0	0	255
2071	0	0	255	0	0	255
2072	0	0	255	0	0	255
2073	0	0	255	0	0	255
2074	0	0	255	0	0	255
2075	0	0	255	0	0	255
2076	0	0	255	0	0	255
2077	0	0	255	0	0	255
2078	0	0	255	0	0	255
2079	0	0	255	0	0	255
2080	0	0	255	0	0	255
2081	0	0	255	0	0	255
2082	0	0	255	0	0	255
2083	0	0	255	0	0	255
2084	0	0	255	0	0	255
2085	0	0	255	0	0	255
2086	0	0	255	0	0	255
2087	0	0	255	0	0	255
2088	0	0	255	0	0	255
2089	0	0	255	0	0	255
2090	0	0	255	0	0	255
2091	0	0	255	0	0	255
2092	0	0	255	0	0	255
2093	0	0	255	0	0	255
2094	0	0	255	0	0	255
2095	0	0	255	0	0	255
2096	0	0	255	0	0	255
2097	0	0	255	0	0	255
2098	0	0	255	0	0	255
2099	0	0	255	0	0	255
2100	0	0	255	0	0	255
2101	0	0	255	0	0	255
2102	0	0	255	0	0	255
2103	0	0	255	0	0	255
2104	0	0	255	0	0	255
2105	0	0	255	0	0	255
2106	0	0	255	0	0	255
2107	0	0	255	0	0	255
2108	0	0	255	0	0	255
2109	0	0	255	0	0	255
2110	0	0	255	0	0	255
2111	0	0	255	0	0	255
2112	0	0	255	0	0	255
2113	0	0	255	0	0	255
2114	0	0	255	0	0	255
2115	0	0	255	0	0	255
2116	0	0	255	0	0	255
2117	0	0	255	0	0	255
2118	0	0	255	0	0	255
2119	0	0	255	0	0	255
2120	0	0	255	0	0	255
2121	0	0	255	0	0	255
2122	0	0	255	0	0	255
2123	0	0	255	0	0	255
2124	0	0	255	0	0	255
2125	0	0	255	0	0	255
2126	0	0	255	0	0	255
2127	0	0	255	0	0	255
2128	0	0	255	0	0	255
2129	0	0	255	0	0	255
2130	0	0	255	0	0	255
2131	0	0	255	0	0	255
2132	0	0	255	0	0	255
2133	0	0	255	0	0	255
2134	0	0	255	0	0	255
2135	0	0	255	0	0	255
2136	0	0	255	0	0	255
2137	0	0	255	0	0	255
2138	0	0	255	0	0	255
2139	0	0	255	0	0	255
2140	0	0	255	0	0	255
2141	0	0	255	0	0	255
2142	0	0	255	0	0	255
2143	0	0	255	0	0	255
2144	0	0	255	0	0	255
2145	0	0	255	0	0	255
2146	0	0	255	0	0	255
2147	0	0	255	0	0	255
2148	0	0	255	0	0	255
2149	0	0	255	0	0	255
2150	0	0	255	0	0	255
2151	0	0	255	0	0	255
2152	0	0	255	0	0	255
2153	0	0	255	0	0	255
2154	0	0	255	0	0	255
2155	0	0	255	0	0	255
2156	0	0	255	0	0	255
2157	0	0	255	0	0	255
2158	0	0	255	0	0	255
2159	0	0	255	0	0	255
2160	0	0	255	0	0	255
2161	0	0	255	0	0	255
2162	0	0	255	0	0	255
2163	0	0	255	0	0	255
2164	0	0	255	0	0	255
2165	0	0	255	0	0	255
2166	0	0	255	0	0	255
2167	0	0	255	0	0	255
2168	0	0	255	0	0	255
2169	0	0	255	0	0	255
2170	0	0	255	0	0	255
2171	0	0	255	0	0	255
2172	0	0	255	0	0	255
2173	0	0	255	0	0	255
2174	0	0	255	0	0	255
2175	0	0	255	0	0	255
2176	0	0	255	0	0	255
2177	0	0	255	0	0	255
2178	0	0	255	0	0	255
2179	0	0	255	0	0	255
2180	0	0	255	0	0	255
2181	0	0	255	0	0	255
2182	0	0	255	0	0	255
2183	0	0	255	0	0	255
2184	0	0	255	0	0	255
2185	0	0	255	0	0	255
2186	0	0	255	0	0	255
2187	0	0	255	0	0	255
2188	0	0	255	0	0	255
2189	0	0	255	0	0	255
2190	0	0	255	0	0	255
2191	0	0	255	0	0	255
2192	0	0	255	0	0	255
2193	0	0	255	0	0	255
2194	0	0	255	0	0	255
2195	0	0	255	0	0	255
2196	0	0	255	0	0	255
2197	0	0	255	0	0	255
2198	0	0	255	0	0	255
2199	0	0	255	0	0	255
2200	0	0	255	0	0	255
2201	0	0	255	0	0	255
2202	0	0	255	0	0	255
2203	0	0	255	0	0	255
2204	0	0	255	0	0	255
2205	0	0	255	0	0	255
2206	0	0	255	0	0	255
2207	0	0	255	0	0	255
2208	0	0	255	0	0	255
2209	0	0	255	0	0	255
2210	0	0	255	0	0	255
2211	0	0	255	0	0	255
2212	0	0	255	0	0	255
2213	0	0	255	0	0	255
2214	0	0	255	0	0	255
2215	0	0	255	0	0	255
2216	0	0	255	0	0	255
2217	0	0	255	0	0	255
2218	0	0	255	0	0	255
2219	0	0	255	0	0	255
2220	0	0	255	0	0	255
2221	0	0	255	0	0	255
2222	0	0	255	0	0	255
2223	0	0	255	0	0	255
2224	0	0	255	0	0	255
2225	0	0	255	0	0	255
2226	0	0	255	0	0	255
2227	0	0	255	0	0	255
2228	0	0	255	0	0	255
2229	0	0	255	0	0	255
2230	0	0	255	0	0	255
2231	0	0	255	0	0	255
2232	0	0	255	0	0	255
2233	0	0	255	0	0	255
2234	0	0	255	0	0	255
2235	0	0	255	0	0	255
2236	0	0	255	0	0	255
2237	0	0	255	0	0	255
2238	0	0	255	0	0	255
2239	0	0	255	0	0	255
2240	0	0	255	0	0	255
2241	0	0	255	0	0	255
2242	0	0	255	0	0	255
2243	0	0	255	0	0	255
2244	0	0	255	0	0	255
2245	0	0	255	0	0	255
2246	0	0	255	0	0	255
2247	0	0	255	0	0	255
2248	0	0	255	0	0	255
2249	0	0	255	0	0	255
2250	0	0	255	0	0	255
2251	0	0	255	0	0	255
2252	0	0	255	0	0	255
2253	0	0	255	0	0	255
2254	0	0	255	0	0	255
2255	0	0	255	0	0	255
2256	0	0	255	0	0	255
2257	0	0	255	0	0	255
2258	0	0	255	0	0	255
2259	0	0	255	0	0	255
2260	0	0	255	0	0	255
2261	0	0	255	0	0	255
2262	0	0	255	0	0	255
2263	0	0	255	0	0	255
2264	0	0	255	0	0	255
2265	0	0	255	0	0	255
2266	0	0	255	0	0	255
2267	0	0	255	0	0	255
2268	0	0	255	0	0	255
2269	0	0	255	0	0	255
2270	0	0	255	0	0	255
2271	0	0	255	0	0	255
2272	0	0	255	0	0	255
2273	0	0	255	0	0	255
2274	0	0	255	0	0	255
2275	0	0	255	0	0	255
2276	0	0	255	0	0	255
2277	0	0	255	0	0	255
2278	0	0	255	0	0	255
2279	0	0	255	0	0	255
2280	0	0	255	0	0	255
2281	0	0	255	0	0	255
2282	0	0	255	0	0	255
2283	0	0	255	0	0	255
2284	0	0	255	0	0	255
2285	0	0	255	0	0	255
2286	0	0	255	0	0	255
2287	0	0	255	0	0	255
2288	0	0	255	0	0	255
2289	0	0	255	0	0	255
2290	0	0	255	0	0	255
2291	0	0	255	0	0	255
2292	0	0	255	0	0	255
2293	0	0	255	0	0	255
2294	0	0	255	0	0	255
2295	0	0	255	0	0	255
2296	0	0	255	0	0	255
2297	0	0	255	0	0	255
2298	0	0	255	0	0	255
2299	0	0	255	0	0	255
2300	0	0	255	0	0	255
2301	0	0	255	0	0	255
2302	0	0	255	0	0	255
2303	0	0	255	0	0	255
2304	0	0	255	0	0	255
2305	0	0	255	0	0	255
2306	0	0	255	0	0	255
2307	0	0	255	0	0	255
2308	0	0	255	0	0	255
2309	0	0	255	0	0	255
2310	0	0	255	0	0	255
2311	0	0	255	0	0	255
2312	0	0	255	0	0	255
2313	0	0	255	0	0	255
2314	0	0	255	0	0	255
2315	0	0	255	0	0	255
2316	0	0	255	0	0	255
2317	0	0	255	0	0	255
2318	0	0	255	0	0	255
2319	0	0	255	0	0	255
2320	0	0	255	0	0	255
2321	0	0	255	0	0	255
2322	0	0	255	0	0	255
2323	0	0	255	0	0	255
2324	0	0	255	0	0	255
2325	0	0	255	0	0	255
2326	0	0	255	0	0	255
2327	0	0	255	0	0	255
2328	0	0	255	0	0	255
2329	0	0	255	0	0	255
2330	0	0	255	0	0	255
2331	0	0	255	0	0	255
2332	0	0	255	0	0	255
2333	0	0	255	0	0	255
2334	0	0	255	0	0	255
2335	0	0	255	0	0	255
2336	0	0	255	0	0	255
2337	0	0	255	0	0	255
2338	0	0	255	0	0	255
2339	0	0	255	0	0	255
